0.000000 180.000000 320.000000 270.000000
320.000000 0.000000 480.000000 180.000000
640.000000 180.000000 640.000000 270.000000
960.000000 0.000000 800.000000 180.000000
1280.000000 180.000000 960.000000 270.000000
960.000000 360.000000 800.000000 360.000000
1280.000000 540.000000 960.000000 450.000000
960.000000 720.000000 800.000000 540.000000
640.000000 540.000000 640.000000 450.000000
320.000000 720.000000 480.000000 540.000000
0.000000 540.000000 320.000000 450.000000
320.000000 360.000000 480.000000 360.000000

0 300.000000 300.000000
1 1000.000000 150.000000
