160.000000 180.000000 480.000000 270.000000
320.000000 90.000000 480.000000 270.000000
640.000000 90.000000 640.000000 270.000000
960.000000 90.000000 800.000000 270.000000
1120.000000 180.000000 800.000000 270.000000
1120.000000 360.000000 800.000000 360.000000
1120.000000 540.000000 800.000000 450.000000
960.000000 630.000000 800.000000 450.000000
640.000000 630.000000 640.000000 450.000000
320.000000 630.000000 480.000000 450.000000
160.000000 540.000000 480.000000 450.000000
160.000000 360.000000 480.000000 360.000000

0 350.000000 200.000000
4 1000.000000 520.000000
3 1000.000000 200.000000
10 350.000000 520.000000
