0.000000 180.000000 320.000000 270.000000
320.000000 0.000000 480.000000 180.000000
640.000000 180.000000 640.000000 270.000000
960.000000 0.000000 800.000000 180.000000
1280.000000 180.000000 960.000000 270.000000
960.000000 360.000000 800.000000 360.000000
1280.000000 540.000000 960.000000 450.000000
960.000000 720.000000 800.000000 540.000000
640.000000 540.000000 640.000000 450.000000
320.000000 720.000000 480.000000 540.000000
0.000000 540.000000 320.000000 450.000000
320.000000 360.000000 480.000000 360.000000
-1 255.000000 206.000000
-1 996.000000 345.000000
-1 411.000000 137.000000
-1 980.000000 175.000000
-1 289.000000 342.000000
-1 650.000000 177.000000
-1 827.000000 151.000000
